c <- (1706,1707,1709,1709,1710,1711,1712,1712,1712,1712,1713,1714,1714,1715,1716,1716,1717,1717,1717,1717,1717,1718,1718,1719,1720,1721,1721,1721,1722,1723,1723,1724,1724,1724,1725,1726,1728,1732,1734)
EJEMPLO1 <- c(1706,1707,1709,1709,1710,1711,1712,1712,1712,1712,1713,1714,1714,1715,1716,1716,1717,1717,1717,1717,1717,1718,1718,1719,1720,1721,1721,1721,1722,1723,1723,1724,1724,1724,1725,1726,1728,1732,1734)
EJEMPLO1
length(EJEMPLO1)
EJEMPLO1 <- c(1706,1707,1709,1709,1710,1711,1711,1712,1712,1712,1712,1713,1714,1714,1715,1716,1716,1717,1717,1717,1717,1717,1718,1718,1719,1720,1721,1721,1721,1722,1723,1723,1724,1724,1724,1725,1726,1728,1732,1734)
length(EJEMPLO1)
min(EJEMPLO1)
max(EJEMPLO1)
summary(EJEMPLO1)
n <- length(EJEMPLO1)
min(EJEMPLO1)
max(EJEMPLO1
sqrt(n)
sqrt(n)
sqrt(n)
rango <- range(EJEMPLO1)
rango
range(EJEMPLO1)
max(EJEMPLO1)-min(EJEMPLO1)#rango
1+3.3*log(45)
1+3.3*log(45)
1+3.3*log10(45)
1+3.3*log10(n)
